№	Кодировка
1	0000000000000000
2	0000000000000001
3	0000000000000011
4	0000000000000110
5	0000000000000111
6	0000000000001111
7	0000000000010110
8	0000000000010111
9	0000000000011000
10	0000000000011001
11	0000000000011011
12	0000000000011110
13	0000000000011111
14	0000000000111100
15	0000000000111101
16	0000000000111111
17	0000000001101001
18	0000000001101011
19	0000000001101111
20	0000000001111110
21	0000000001111111
22	0000000011111111
23	0000000100010110
24	0000000100010111
25	0000000100011000
26	0000000100011001
27	0000000100011010
28	0000000100011011
29	0000000100011110
30	0000000100011111
31	0000000100101100
32	0000000100101101
33	0000000100101111
34	0000000100111100
35	0000000100111101
36	0000000100111110
37	0000000100111111
38	0000000101101000
39	0000000101101001
40	0000000101101010
41	0000000101101011
42	0000000101101110
43	0000000101101111
44	0000000101111110
45	0000000101111111
46	0000000110000000
47	0000000110000001
48	0000000110000010
49	0000000110000011
50	0000000110000110
51	0000000110000111
52	0000000110001001
53	0000000110001011
54	0000000110001111
55	0000000110010110
56	0000000110010111
57	0000000110011000
58	0000000110011001
59	0000000110011010
60	0000000110011011
61	0000000110011110
62	0000000110011111
63	0000000110101000
64	0000000110101001
65	0000000110101010
66	0000000110101011
67	0000000110101100
68	0000000110101101
69	0000000110101110
70	0000000110101111
71	0000000110111100
72	0000000110111101
73	0000000110111110
74	0000000110111111
75	0000000111101000
76	0000000111101001
77	0000000111101010
78	0000000111101011
79	0000000111101110
80	0000000111101111
81	0000000111111110
82	0000000111111111
83	0000001100111100
84	0000001100111101
85	0000001100111111
86	0000001101010110
87	0000001101010111
88	0000001101011000
89	0000001101011001
90	0000001101011010
91	0000001101011011
92	0000001101011110
93	0000001101011111
94	0000001101101000
95	0000001101101001
96	0000001101101010
97	0000001101101011
98	0000001101101100
99	0000001101101101
100	0000001101101110
101	0000001101101111
102	0000001101111100
103	0000001101111101
104	0000001101111110
105	0000001101111111
106	0000001111000000
107	0000001111000001
108	0000001111000011
109	0000001111000101
110	0000001111000110
111	0000001111000111
112	0000001111001111
113	0000001111010100
114	0000001111010101
115	0000001111010110
116	0000001111010111
117	0000001111011000
118	0000001111011001
119	0000001111011011
120	0000001111011100
121	0000001111011101
122	0000001111011110
123	0000001111011111
124	0000001111111100
125	0000001111111101
126	0000001111111111
127	0000011001100000
128	0000011001100001
129	0000011001100010
130	0000011001100011
131	0000011001100110
132	0000011001100111
133	0000011001101001
134	0000011001101011
135	0000011001101111
136	0000011001110010
137	0000011001110011
138	0000011001110110
139	0000011001110111
140	0000011001111000
141	0000011001111001
142	0000011001111010
143	0000011001111011
144	0000011001111110
145	0000011001111111
146	0000011010010000
147	0000011010010001
148	0000011010010011
149	0000011010010110
150	0000011010010111
151	0000011010011111
152	0000011010110000
153	0000011010110001
154	0000011010110010
155	0000011010110011
156	0000011010110100
157	0000011010110101
158	0000011010110110
159	0000011010110111
160	0000011010111001
161	0000011010111011
162	0000011010111101
163	0000011010111111
164	0000011011110000
165	0000011011110001
166	0000011011110010
167	0000011011110011
168	0000011011110110
169	0000011011110111
170	0000011011111001
171	0000011011111011
172	0000011011111111
173	0000011101110110
174	0000011101110111
175	0000011101111000
176	0000011101111001
177	0000011101111010
178	0000011101111011
179	0000011101111110
180	0000011101111111
181	0000011110110000
182	0000011110110001
183	0000011110110011
184	0000011110110100
185	0000011110110101
186	0000011110110110
187	0000011110110111
188	0000011110111100
189	0000011110111101
190	0000011110111111
191	0000011111100000
192	0000011111100001
193	0000011111100010
194	0000011111100011
195	0000011111100110
196	0000011111100111
197	0000011111101001
198	0000011111101011
199	0000011111101111
200	0000011111110000
201	0000011111110001
202	0000011111110010
203	0000011111110011
204	0000011111110110
205	0000011111110111
206	0000011111111000
207	0000011111111001
208	0000011111111010
209	0000011111111011
210	0000011111111110
211	0000011111111111
212	0000111111110000
213	0000111111110001
214	0000111111110011
215	0000111111110110
216	0000111111110111
217	0000111111111111
218	0001011001101000
219	0001011001101001
220	0001011001101010
221	0001011001101011
222	0001011001101110
223	0001011001101111
224	0001011001111110
225	0001011001111111
226	0001011010000001
227	0001011010000011
228	0001011010000110
229	0001011010000111
230	0001011010001001
231	0001011010001011
232	0001011010001110
233	0001011010001111
234	0001011010010110
235	0001011010010111
236	0001011010011000
237	0001011010011001
238	0001011010011010
239	0001011010011011
240	0001011010011110
241	0001011010011111
242	0001011010101001
243	0001011010101011
244	0001011010101100
245	0001011010101101
246	0001011010101110
247	0001011010101111
248	0001011010111100
249	0001011010111101
250	0001011010111110
251	0001011010111111
252	0001011011101001
253	0001011011101010
254	0001011011101011
255	0001011011101110
256	0001011011101111
257	0001011011111110
258	0001011011111111
259	0001011101111110
260	0001011101111111
261	0001011110000001
262	0001011110000011
263	0001011110000111
264	0001011110001001
265	0001011110001011
266	0001011110001110
267	0001011110001111
268	0001011110010110
269	0001011110010111
270	0001011110011000
271	0001011110011001
272	0001011110011010
273	0001011110011011
274	0001011110011110
275	0001011110011111
276	0001011110101001
277	0001011110101011
278	0001011110101100
279	0001011110101101
280	0001011110101110
281	0001011110101111
282	0001011110111100
283	0001011110111101
284	0001011110111110
285	0001011110111111
286	0001011111101000
287	0001011111101001
288	0001011111101010
289	0001011111101011
290	0001011111101110
291	0001011111101111
292	0001011111111110
293	0001011111111111
294	0001100011100111
295	0001100011101111
296	0001100011111111
297	0001100111100001
298	0001100111100011
299	0001100111100110
300	0001100111100111
301	0001100111101001
302	0001100111101010
303	0001100111101011
304	0001100111101110
305	0001100111101111
306	0001100111110001
307	0001100111110011
308	0001100111110110
309	0001100111110111
310	0001100111111000
311	0001100111111001
312	0001100111111010
313	0001100111111011
314	0001100111111110
315	0001100111111111
316	0001101111010110
317	0001101111010111
318	0001101111011000
319	0001101111011001
320	0001101111011011
321	0001101111011110
322	0001101111011111
323	0001101111100100
324	0001101111100101
325	0001101111100111
326	0001101111101100
327	0001101111101101
328	0001101111101110
329	0001101111101111
330	0001101111111100
331	0001101111111101
332	0001101111111111
333	0001111011100001
334	0001111011100011
335	0001111011100110
336	0001111011100111
337	0001111011101001
338	0001111011101011
339	0001111011101110
340	0001111011101111
341	0001111011110001
342	0001111011110011
343	0001111011110110
344	0001111011110111
345	0001111011111001
346	0001111011111010
347	0001111011111011
348	0001111011111110
349	0001111011111111
350	0001111111110001
351	0001111111110010
352	0001111111110011
353	0001111111110110
354	0001111111110111
355	0001111111111000
356	0001111111111001
357	0001111111111010
358	0001111111111011
359	0001111111111110
360	0001111111111111
361	0011110011000011
362	0011110011000111
363	0011110011001111
364	0011110011010111
365	0011110011011011
366	0011110011011111
367	0011110011111111
368	0011110111010110
369	0011110111010111
370	0011110111011010
371	0011110111011011
372	0011110111011110
373	0011110111011111
374	0011110111101101
375	0011110111101111
376	0011110111111101
377	0011110111111110
378	0011110111111111
379	0011111111111100
380	0011111111111101
381	0011111111111111
382	0110100110010110
383	0110100110010111
384	0110100110011111
385	0110100110111111
386	0110100111111111
387	0110101110111101
388	0110101110111111
389	0110101111010110
390	0110101111010111
391	0110101111011111
392	0110101111111101
393	0110101111111111
394	0110111111110110
395	0110111111110111
396	0110111111111001
397	0110111111111011
398	0110111111111111
399	0111111011111111
400	0111111111111110
401	0111111111111111
402	1111111111111111